P 13 13 0 36 4
P 3.7820839879289565 12.57131994383198 1 100 5
P 14.566680518832031 22.09391303829458 2 100 5
P 6.714699700365638 20.23041089459612 0 81 4
P 5.471494067341194 21.660555378506636 0 35 1
P 24.735601688020807 8.489327141914504 0 8 3
P 16.0229442973115 0.7962168001927417 0 8 3
P 6.436172310561731 2.873730227972443 0 73 5
P 23.861041702180607 18.259557640715546 0 73 5
P 23.01027681820345 8.585404917274749 0 95 2
P 16.14122363806936 2.5201619393657797 0 95 2
P 20.862860436292834 11.056744855024498 0 6 2
P 13.954777609541708 4.957039443375921 0 6 2
P 8.420223458807161 8.169133999180557 0 35 5
P 18.360731572897127 16.94641311680333 0 35 5
P 21.431433058369393 14.134653557437993 0 50 2
P 10.830154961442174 4.773927144632324 0 50 2