P 15 15 0 43 1
P 11.114072097364033 22.64553445227421 1 100 5
P 18.885927902635963 7.35446554772579 2 100 5
P 6.930398156851366 11.06419220434527 0 73 1
P 23.069601843148636 18.935807795654732 0 73 1
P 8.464341714844089 11.812346466598989 0 43 1
P 21.53565828515591 18.18765353340101 0 43 1
P 17.007871967271754 15.321010314082814 0 36 5
P 12.992128032728246 14.678989685917188 0 36 5
P 25.438481257658367 20.22656069592056 0 59 3
P 4.561518742341633 9.77343930407944 0 59 3
P 11.090851907463446 12.780335591321368 0 65 4
P 18.909148092536558 17.21966440867863 0 65 4
P 12.907703910648491 7.052178765948909 0 75 1
P 17.09229608935151 22.94782123405109 0 75 1
P 11.780774009384144 27.339326702495185 0 20 4
P 18.21922599061583 2.6606732975048075 0 20 4